1. v3_lightgbm_submission.csv
score = 0.2850088529

2. submission 0.3.csv
score = 0.282160197
count = 2403
